Matrix A:
88 2 97 24 87 38 54 82 24 43 
2 62 44 77 41 41 53 88 48 93 
56 15 55 71 77 41 72 82 62 3 
43 36 29 49 98 88 34 6 22 27 
7 30 99 68 13 31 33 19 8 45 
23 54 40 95 90 52 35 68 99 13 
3 34 36 28 39 58 77 67 94 29 
32 15 44 12 28 67 81 7 64 48 
7 65 61 14 80 69 4 4 46 91 
80 23 99 57 59 27 4 19 45 38 
Matrix B:
662 111 308 406 92 204 -72 636 223 602 
246 253 -95 445 -3 160 -41 -88 371 42 
555 121 389 611 663 355 244 521 363 525 
93 59 651 324 407 375 220 -130 99 380 
276 312 -44 608 48 14 251 -86 61 72 
178 -121 525 644 -74 532 609 455 47 -3 
434 500 -45 190 349 653 193 50 539 317 
67 635 234 53 314 563 68 176 -46 515 
450 323 115 192 530 -25 229 -118 -59 11 
580 531 463 501 -36 653 554 80 -81 409 
