Result Matrix:
210261 155628 135820 221786 139299 192048 112825 130757 85481 196454 
171209 180873 148476 202109 127664 220891 138977 43773 65625 159683 
172822 149607 126043 190673 154759 176455 104021 76710 82806 162581 
141404 82462 109797 207858 65648 134051 118440 66851 63002 93188 
127684 79707 122504 157939 112300 144978 93947 65188 70406 122871 
165477 148008 134440 212571 153180 159234 122300 37362 65865 132059 
151049 146899 95110 159238 129705 165323 115454 43938 64754 107217 
162327 105113 94879 162708 96000 151662 115645 70043 70391 98987 
165627 109759 109708 222045 69080 139698 138888 55964 49215 90895 
185253 93960 136687 204377 126805 128708 94666 101510 68370 154018 

Matrix's size: 10x10
Time: 0.01 ms